0.8526315789473684
0.8723404255319149
0.9191919191919192
0.8877551020408163
0.9509803921568627
0.9166666666666666
0.8924731182795699
0.8645833333333334
0.9285714285714286
0.8969072164948454
0.8979591836734694
0.9108910891089109
0.9320388349514563
0.91
0.9
0.8351648351648352
0.89
0.8645833333333334
0.9285714285714286
0.89
0.8854166666666666
0.9191919191919192
0.8409090909090909
0.9191919191919192
0.8723404255319149
0.9705882352941176
0.9108910891089109
0.9313725490196079
0.9711538461538461
0.9519230769230769
