0.6959459459459459
0.7027027027027027
0.75
0.6959459459459459
0.7094594594594594
0.7094594594594594
0.7364864864864865
0.6554054054054054
0.7297297297297297
0.7027027027027027
0.7027027027027027
0.6486486486486487
0.6486486486486487
0.6891891891891891
0.668918918918919
0.6959459459459459
0.7364864864864865
0.7162162162162162
0.6891891891891891
0.6756756756756757
0.668918918918919
0.6756756756756757
0.6824324324324325
0.6554054054054054
0.6959459459459459
0.777027027027027
0.7364864864864865
0.7094594594594594
0.6824324324324325
0.6554054054054054
